1691950355865 0.8999999761581421 0
1691950360614 0.9937499761581421 1
1691950365373 1.0 2
1691950370103 1.0 3
1691950374808 1.0 4
1691950379550 1.0 5
1691950384284 1.0 6
1691950389058 1.0 7
1691950393825 1.0 8
1691950398572 1.0 9
1691950403302 1.0 10
1691950408042 1.0 11
1691950412813 0.9937499761581421 12
1691950417608 1.0 13
1691950422329 0.987500011920929 14
1691950427090 0.987500011920929 15
1691950431889 0.9937499761581421 16
1691950436678 1.0 17
1691950441484 1.0 18
1691950446310 1.0 19
1691950451159 1.0 20
1691950456028 1.0 21
1691950460934 0.9937499761581421 22
1691950465768 1.0 23
1691950470643 1.0 24
1691950475479 1.0 25
1691950480342 0.987500011920929 26
1691950485206 1.0 27
1691950490043 1.0 28
1691950494973 0.9937499761581421 29
1691950499940 1.0 30
1691950504819 1.0 31
1691950509688 1.0 32
1691950514526 1.0 33
1691950519395 1.0 34
1691950524240 1.0 35
1691950529149 1.0 36
1691950534106 1.0 37
1691950539484 1.0 38
1691950544555 1.0 39
1691950549625 1.0 40
1691950554486 1.0 41
1691950559436 1.0 42
1691950564314 1.0 43
1691950569224 1.0 44
1691950574090 1.0 45
1691950578977 1.0 46
1691950583846 1.0 47
1691950588774 1.0 48
1691950593701 1.0 49
