1691950355865 0.21936583518981934 0
1691950360614 0.04666018486022949 1
1691950365373 0.006120600737631321 2
1691950370103 0.0013907027896493673 3
1691950374808 0.001063067466020584 4
1691950379550 0.0013519341591745615 5
1691950384284 0.00029656244441866875 6
1691950389058 0.0016524826642125845 7
1691950393825 2.390251393080689e-05 8
1691950398572 1.461845386074856e-05 9
1691950403302 0.00019873937708325684 10
1691950408042 2.2418578737415373e-05 11
1691950412813 0.03066987171769142 12
1691950417608 0.00284863100387156 13
1691950422329 0.09004659205675125 14
1691950427090 0.04611308127641678 15
1691950431889 0.009500637650489807 16
1691950436678 2.209375634265598e-05 17
1691950441484 0.0007167499279603362 18
1691950446310 0.00129860604647547 19
1691950451159 0.002000893233343959 20
1691950456028 0.002194163156673312 21
1691950460934 0.029755163937807083 22
1691950465768 0.00020855548791587353 23
1691950470643 0.0008171390509232879 24
1691950475479 0.00024461460998281837 25
1691950480342 0.033335816115140915 26
1691950485206 0.0004539413785096258 27
1691950490043 0.0003405048919375986 28
1691950494973 0.0158858560025692 29
1691950499940 0.00018486175395082682 30
1691950504819 0.0006149664986878633 31
1691950509688 0.0032274466939270496 32
1691950514526 0.0027232463471591473 33
1691950519395 0.000651929818559438 34
1691950524240 0.0011009600711986423 35
1691950529149 4.2948413465637714e-05 36
1691950534106 0.0006279670633375645 37
1691950539484 0.0036783856339752674 38
1691950544555 2.2617521608481184e-05 39
1691950549625 0.000675183953717351 40
1691950554486 1.10837672764319e-05 41
1691950559436 0.00029941892717033625 42
1691950564314 3.057899448322132e-05 43
1691950569224 6.309726450126618e-05 44
1691950574090 0.00015507660282310098 45
1691950578977 3.871258377330378e-05 46
1691950583846 2.3245354896062054e-05 47
1691950588774 2.03312356461538e-06 48
1691950593701 9.946844329533633e-06 49
