1691949808169 0.6187499761581421 0
1691949813041 0.9125000238418579 1
1691949817919 0.918749988079071 2
1691949822764 0.949999988079071 3
1691949827741 0.9437500238418579 4
1691949832756 0.956250011920929 5
1691949837562 0.96875 6
1691949842577 0.9750000238418579 7
1691949847378 0.981249988079071 8
1691949852292 0.9937499761581421 9
1691949857141 0.9937499761581421 10
1691949862069 0.956250011920929 11
1691949866960 0.9937499761581421 12
1691949871877 0.9750000238418579 13
1691949876759 0.981249988079071 14
1691949881656 0.9937499761581421 15
1691949886504 0.987500011920929 16
1691949891459 0.981249988079071 17
1691949896474 0.981249988079071 18
1691949901359 0.981249988079071 19
1691949906155 0.9750000238418579 20
1691949911088 0.9937499761581421 21
1691949915929 0.987500011920929 22
1691949921298 0.981249988079071 23
1691949926430 0.981249988079071 24
1691949931705 1.0 25
1691949936842 0.9937499761581421 26
1691949942056 0.9937499761581421 27
1691949946905 1.0 28
1691949951594 0.987500011920929 29
1691949956294 0.987500011920929 30
1691949961019 1.0 31
1691949965784 0.96875 32
1691949970577 0.9750000238418579 33
1691949975360 0.9937499761581421 34
1691949980126 0.9937499761581421 35
1691949984891 0.981249988079071 36
1691949989697 0.9937499761581421 37
1691949994450 1.0 38
1691949999206 0.987500011920929 39
1691950003982 0.981249988079071 40
1691950008743 0.987500011920929 41
1691950013473 0.981249988079071 42
1691950018196 0.9937499761581421 43
1691950022982 0.987500011920929 44
1691950027741 1.0 45
1691950032510 0.981249988079071 46
1691950037311 1.0 47
1691950042089 1.0 48
1691950046825 0.987500011920929 49
