1691949808169 0.8310335278511047 0
1691949813041 0.21582813560962677 1
1691949817919 0.20761971175670624 2
1691949822764 0.14207878708839417 3
1691949827741 0.1951829493045807 4
1691949832756 0.17916038632392883 5
1691949837562 0.1333690583705902 6
1691949842577 0.09751491248607635 7
1691949847378 0.07589779049158096 8
1691949852292 0.07373391091823578 9
1691949857141 0.033691368997097015 10
1691949862069 0.07884984463453293 11
1691949866960 0.023161310702562332 12
1691949871877 0.06680957227945328 13
1691949876759 0.04188244789838791 14
1691949881656 0.016023945063352585 15
1691949886504 0.03605298697948456 16
1691949891459 0.05173837020993233 17
1691949896474 0.04257248342037201 18
1691949901359 0.05596132203936577 19
1691949906155 0.041470013558864594 20
1691949911088 0.021057773381471634 21
1691949915929 0.03920132294297218 22
1691949921298 0.0319216251373291 23
1691949926430 0.052452437579631805 24
1691949931705 0.0050697000697255135 25
1691949936842 0.0371134951710701 26
1691949942056 0.01749034784734249 27
1691949946905 0.01433699019253254 28
1691949951594 0.027743279933929443 29
1691949956294 0.04664503410458565 30
1691949961019 0.003255171235650778 31
1691949965784 0.13181594014167786 32
1691949970577 0.07806303352117538 33
1691949975360 0.015303323976695538 34
1691949980126 0.01378423161804676 35
1691949984891 0.07566390931606293 36
1691949989697 0.023798061534762383 37
1691949994450 0.0057761175557971 38
1691949999206 0.04662363603711128 39
1691950003982 0.039689529687166214 40
1691950008743 0.02896985411643982 41
1691950013473 0.030122006312012672 42
1691950018196 0.012216354720294476 43
1691950022982 0.013367056846618652 44
1691950027741 0.0014010947197675705 45
1691950032510 0.09860400855541229 46
1691950037311 0.004780431743711233 47
1691950042089 0.003683046204969287 48
1691950046825 0.08882959932088852 49
