1691950086351 0.8812500238418579 0
1691950090973 0.981249988079071 1
1691950095648 0.987500011920929 2
1691950100312 0.96875 3
1691950104929 0.9937499761581421 4
1691950109570 0.981249988079071 5
1691950114211 1.0 6
1691950118855 0.9937499761581421 7
1691950123496 1.0 8
1691950128144 1.0 9
1691950132775 0.9937499761581421 10
1691950137423 1.0 11
1691950142098 1.0 12
1691950146772 0.9937499761581421 13
1691950151487 1.0 14
1691950156168 0.987500011920929 15
1691950160809 1.0 16
1691950165456 1.0 17
1691950170131 1.0 18
1691950174934 1.0 19
1691950179597 1.0 20
1691950184330 0.9937499761581421 21
1691950189153 1.0 22
1691950193811 1.0 23
1691950198464 1.0 24
1691950203222 0.9937499761581421 25
1691950207865 1.0 26
1691950212513 1.0 27
1691950217185 1.0 28
1691950221858 0.9937499761581421 29
1691950226487 1.0 30
1691950231156 0.9937499761581421 31
1691950236009 1.0 32
1691950240762 1.0 33
1691950245436 1.0 34
1691950250180 1.0 35
1691950254818 1.0 36
1691950259479 1.0 37
1691950264273 0.9937499761581421 38
1691950268993 1.0 39
1691950273723 0.9937499761581421 40
1691950278477 1.0 41
1691950283191 1.0 42
1691950287899 1.0 43
1691950292658 1.0 44
1691950297426 1.0 45
1691950302172 1.0 46
1691950306949 1.0 47
1691950311714 1.0 48
1691950316539 1.0 49
