1691950086351 0.3166305124759674 0
1691950090973 0.07261596620082855 1
1691950095648 0.06577050685882568 2
1691950100312 0.07567385584115982 3
1691950104929 0.03149670735001564 4
1691950109570 0.05756513401865959 5
1691950114211 0.029204081743955612 6
1691950118855 0.026279836893081665 7
1691950123496 0.019250325858592987 8
1691950128144 0.017599748447537422 9
1691950132775 0.02359752729535103 10
1691950137423 0.018077466636896133 11
1691950142098 0.012889492325484753 12
1691950146772 0.01658186875283718 13
1691950151487 0.009741777554154396 14
1691950156168 0.032878775149583817 15
1691950160809 0.006330065429210663 16
1691950165456 0.006938899401575327 17
1691950170131 0.012647693045437336 18
1691950174934 0.010094450786709785 19
1691950179597 0.018757933750748634 20
1691950184330 0.016147008165717125 21
1691950189153 0.012579952366650105 22
1691950193811 0.008001664653420448 23
1691950198464 0.01870833896100521 24
1691950203222 0.014746516942977905 25
1691950207865 0.011796580627560616 26
1691950212513 0.004264583811163902 27
1691950217185 0.008080779574811459 28
1691950221858 0.01371811144053936 29
1691950226487 0.014390368945896626 30
1691950231156 0.01851833425462246 31
1691950236009 0.015087364241480827 32
1691950240762 0.01051977276802063 33
1691950245436 0.004942395258694887 34
1691950250180 0.0072071426548063755 35
1691950254818 0.0053736744448542595 36
1691950259479 0.005137651227414608 37
1691950264273 0.009299295954406261 38
1691950268993 0.003947671502828598 39
1691950273723 0.020813632756471634 40
1691950278477 0.0018919709837064147 41
1691950283191 0.004980066325515509 42
1691950287899 0.002606172114610672 43
1691950292658 0.0072141787968575954 44
1691950297426 0.003623122349381447 45
1691950302172 0.008110224269330502 46
1691950306949 0.008402548730373383 47
1691950311714 0.00326225976459682 48
1691950316539 0.0048765200190246105 49
