1691950633307 0.8812500238418579 0
1691950638051 1.0 1
1691950642771 0.981249988079071 2
1691950647505 1.0 3
1691950652257 0.9937499761581421 4
1691950657067 0.9937499761581421 5
1691950661893 0.9937499761581421 6
1691950666731 1.0 7
1691950671579 1.0 8
1691950676444 1.0 9
1691950681334 1.0 10
1691950686209 1.0 11
1691950691071 1.0 12
1691950695920 1.0 13
1691950700789 1.0 14
1691950705644 1.0 15
1691950710515 1.0 16
1691950715473 1.0 17
1691950720416 1.0 18
1691950725310 0.987500011920929 19
1691950730179 0.987500011920929 20
1691950735051 1.0 21
1691950739948 0.9937499761581421 22
1691950744828 0.987500011920929 23
1691950749673 0.9937499761581421 24
1691950754560 1.0 25
1691950759418 1.0 26
1691950764371 1.0 27
1691950769878 1.0 28
1691950774744 1.0 29
1691950779611 1.0 30
1691950784526 0.9937499761581421 31
1691950789421 1.0 32
1691950794325 0.9937499761581421 33
1691950799202 1.0 34
1691950804073 1.0 35
1691950808947 1.0 36
1691950813829 1.0 37
1691950818682 1.0 38
1691950823529 1.0 39
1691950828397 1.0 40
1691950833398 1.0 41
1691950838315 1.0 42
1691950843185 1.0 43
1691950848046 1.0 44
1691950852903 1.0 45
1691950857771 1.0 46
1691950862668 1.0 47
1691950867566 1.0 48
1691950872484 1.0 49
