1691950633307 0.3060871362686157 0
1691950638051 0.004378598649054766 1
1691950642771 0.09576529264450073 2
1691950647505 0.0012035284889861941 3
1691950652257 0.015076836571097374 4
1691950657067 0.011064373888075352 5
1691950661893 0.013341577723622322 6
1691950666731 0.001821303740143776 7
1691950671579 0.007339386735111475 8
1691950676444 0.0002036366640822962 9
1691950681334 0.0021713022142648697 10
1691950686209 0.001983561087399721 11
1691950691071 0.00011509152682265267 12
1691950695920 0.0006002496229484677 13
1691950700789 5.4120766435517e-05 14
1691950705644 0.00047516412450931966 15
1691950710515 4.388485103845596e-05 16
1691950715473 0.00043726395233534276 17
1691950720416 3.7696179788326845e-05 18
1691950725310 0.018025556579232216 19
1691950730179 0.049010973423719406 20
1691950735051 0.0012720871018245816 21
1691950739948 0.010715702548623085 22
1691950744828 0.0556783601641655 23
1691950749673 0.02325299009680748 24
1691950754560 0.0007388583035208285 25
1691950759418 4.233410436427221e-05 26
1691950764371 0.0004062224761582911 27
1691950769878 0.0009644721867516637 28
1691950774744 0.0005800161743536592 29
1691950779611 0.0018097175052389503 30
1691950784526 0.006973670329898596 31
1691950789421 0.0013804667396470904 32
1691950794325 0.005326158367097378 33
1691950799202 8.31740180728957e-06 34
1691950804073 0.0002944607404060662 35
1691950808947 0.0027433689683675766 36
1691950813829 1.7147918697446585e-05 37
1691950818682 0.004372954368591309 38
1691950823529 0.0003649794962257147 39
1691950828397 0.0002664875064510852 40
1691950833398 1.9878370949300006e-05 41
1691950838315 0.00017966922314371914 42
1691950843185 2.2827847715234384e-05 43
1691950848046 5.062006493972149e-06 44
1691950852903 0.00020183649030514061 45
1691950857771 6.185943493619561e-05 46
1691950862668 0.00013450381811708212 47
1691950867566 1.9903749489458278e-05 48
1691950872484 0.00018085176998283714 49
